[], [-], [M], [K], [I], [T], [V], [A], [V], [Q], [L], [K], [L], [L], [A], [K], [K], [L], [S], [L], [D], [E], [N], [R], [M], [E], [Q], [G], 
[-], [    0], [   -1], [   -2], [   -3], [   -4], [   -5], [   -6], [   -7], [   -8], [   -9], [  -10], [  -11], [  -12], [  -13], [  -14], [  -15], [  -16], [  -17], [  -18], [  -19], [  -20], [  -21], [  -22], [  -23], [  -24], [  -25], [  -26], 
[M], [   -1], [    2], [    1], [    0], [   -1], [   -2], [   -3], [   -4], [   -5], [   -6], [   -7], [   -8], [   -9], [  -10], [  -11], [  -12], [  -13], [  -14], [  -15], [  -16], [  -17], [  -18], [  -19], [  -20], [  -21], [  -22], [  -23], 
[L], [   -2], [    1], [    0], [   -1], [   -2], [   -3], [   -4], [   -5], [   -6], [   -3], [   -4], [   -5], [   -6], [   -7], [   -8], [   -9], [  -10], [  -11], [  -12], [  -13], [  -14], [  -15], [  -16], [  -17], [  -18], [  -19], [  -20], 
[I], [   -3], [    0], [   -1], [    2], [    1], [    0], [   -1], [   -2], [   -3], [   -4], [   -5], [   -6], [   -7], [   -8], [   -9], [  -10], [  -11], [  -12], [  -13], [  -14], [  -15], [  -16], [  -17], [  -18], [  -19], [  -20], [  -21], 
[T], [   -4], [   -1], [   -2], [    1], [    4], [    3], [    2], [    1], [    0], [   -1], [   -2], [   -3], [   -4], [   -5], [   -6], [   -7], [   -8], [   -9], [  -10], [  -11], [  -12], [  -13], [  -14], [  -15], [  -16], [  -17], [  -18], 
[V], [   -5], [   -2], [   -3], [    0], [    3], [    6], [    5], [    4], [    3], [    2], [    1], [    0], [   -1], [   -2], [   -3], [   -4], [   -5], [   -6], [   -7], [   -8], [   -9], [  -10], [  -11], [  -12], [  -13], [  -14], [  -15], 
[L], [   -6], [   -3], [   -4], [   -1], [    2], [    5], [    4], [    3], [    2], [    5], [    4], [    3], [    2], [    1], [    0], [   -1], [   -2], [   -3], [   -4], [   -5], [   -6], [   -7], [   -8], [   -9], [  -10], [  -11], [  -12], 
[Q], [   -7], [   -4], [   -5], [   -2], [    1], [    4], [    3], [    2], [    5], [    4], [    3], [    2], [    1], [    0], [   -1], [   -2], [   -3], [   -4], [   -5], [   -6], [   -7], [   -8], [   -9], [  -10], [  -11], [   -8], [   -9], 
[V], [   -8], [   -5], [   -6], [   -3], [    0], [    3], [    2], [    5], [    4], [    3], [    2], [    1], [    0], [   -1], [   -2], [   -3], [   -4], [   -5], [   -6], [   -7], [   -8], [   -9], [  -10], [  -11], [  -12], [   -9], [  -10], 
[L], [   -9], [   -6], [   -7], [   -4], [   -1], [    2], [    1], [    4], [    3], [    6], [    5], [    4], [    3], [    2], [    1], [    0], [   -1], [   -2], [   -3], [   -4], [   -5], [   -6], [   -7], [   -8], [   -9], [  -10], [  -11], 
[G], [  -10], [   -7], [   -8], [   -5], [   -2], [    1], [    0], [    3], [    2], [    5], [    4], [    3], [    2], [    1], [    0], [   -1], [   -2], [   -3], [   -4], [   -5], [   -6], [   -7], [   -8], [   -9], [  -10], [  -11], [   -8], 
[L], [  -11], [   -8], [   -9], [   -6], [   -3], [    0], [   -1], [    2], [    1], [    4], [    3], [    6], [    5], [    4], [    3], [    2], [    1], [    0], [   -1], [   -2], [   -3], [   -4], [   -5], [   -6], [   -7], [   -8], [   -9], 
[G], [  -12], [   -9], [  -10], [   -7], [   -4], [   -1], [   -2], [    1], [    0], [    3], [    2], [    5], [    4], [    3], [    2], [    1], [    0], [   -1], [   -2], [   -3], [   -4], [   -5], [   -6], [   -7], [   -8], [   -9], [   -6], 
[A], [  -13], [  -10], [  -11], [   -8], [   -5], [   -2], [    1], [    0], [   -1], [    2], [    1], [    4], [    3], [    6], [    5], [    4], [    3], [    2], [    1], [    0], [   -1], [   -2], [   -3], [   -4], [   -5], [   -6], [   -7], 
[K], [  -14], [  -11], [   -8], [   -9], [   -6], [   -3], [    0], [   -1], [   -2], [    1], [    4], [    3], [    2], [    5], [    8], [    7], [    6], [    5], [    4], [    3], [    2], [    1], [    0], [   -1], [   -2], [   -3], [   -4], 
[Q], [  -15], [  -12], [   -9], [  -10], [   -7], [   -4], [   -1], [   -2], [    1], [    0], [    3], [    2], [    1], [    4], [    7], [    6], [    5], [    4], [    3], [    2], [    1], [    0], [   -1], [   -2], [   -3], [    0], [   -1], 
[L], [  -16], [  -13], [  -10], [  -11], [   -8], [   -5], [   -2], [   -3], [    0], [    3], [    2], [    5], [    4], [    3], [    6], [    5], [    8], [    7], [    6], [    5], [    4], [    3], [    2], [    1], [    0], [   -1], [   -2], 
[D], [  -17], [  -14], [  -11], [  -12], [   -9], [   -6], [   -3], [   -4], [   -1], [    2], [    1], [    4], [    3], [    2], [    5], [    4], [    7], [    6], [    5], [    8], [    7], [    6], [    5], [    4], [    3], [    2], [    1], 
[L], [  -18], [  -15], [  -12], [  -13], [  -10], [   -7], [   -4], [   -5], [   -2], [    1], [    0], [    3], [    6], [    5], [    4], [    3], [    6], [    5], [    8], [    7], [    6], [    5], [    4], [    3], [    2], [    1], [    0], 
[D], [  -19], [  -16], [  -13], [  -14], [  -11], [   -8], [   -5], [   -6], [   -3], [    0], [   -1], [    2], [    5], [    4], [    3], [    2], [    5], [    4], [    7], [   10], [    9], [    8], [    7], [    6], [    5], [    4], [    3], 
[E], [  -20], [  -17], [  -14], [  -15], [  -12], [   -9], [   -6], [   -7], [   -4], [   -1], [   -2], [    1], [    4], [    3], [    2], [    1], [    4], [    3], [    6], [    9], [   12], [   11], [   10], [    9], [    8], [    7], [    6], 
[E], [  -21], [  -18], [  -15], [  -16], [  -13], [  -10], [   -7], [   -8], [   -5], [   -2], [   -3], [    0], [    3], [    2], [    1], [    0], [    3], [    2], [    5], [    8], [   11], [   10], [    9], [    8], [   11], [   10], [    9], 
[R], [  -22], [  -19], [  -16], [  -17], [  -14], [  -11], [   -8], [   -9], [   -6], [   -3], [   -4], [   -1], [    2], [    1], [    0], [   -1], [    2], [    1], [    4], [    7], [   10], [    9], [   12], [   11], [   10], [    9], [    8], 
[M], [  -23], [  -20], [  -17], [  -18], [  -15], [  -12], [   -9], [  -10], [   -7], [   -4], [   -5], [   -2], [    1], [    0], [   -1], [   -2], [    1], [    0], [    3], [    6], [    9], [    8], [   11], [   14], [   13], [   12], [   11], 
[Q], [  -24], [  -21], [  -18], [  -19], [  -16], [  -13], [  -10], [  -11], [   -8], [   -5], [   -6], [   -3], [    0], [   -1], [   -2], [   -3], [    0], [   -1], [    2], [    5], [    8], [    7], [   10], [   13], [   12], [   15], [   14], 
[Q], [  -25], [  -22], [  -19], [  -20], [  -17], [  -14], [  -11], [  -12], [   -9], [   -6], [   -7], [   -4], [   -1], [   -2], [   -3], [   -4], [   -1], [   -2], [    1], [    4], [    7], [    6], [    9], [   12], [   11], [   14], [   13], 
[G], [  -26], [  -23], [  -20], [  -21], [  -18], [  -15], [  -12], [  -13], [  -10], [   -7], [   -8], [   -5], [   -2], [   -3], [   -4], [   -5], [   -2], [   -3], [    0], [    3], [    6], [    5], [    8], [   11], [   10], [   13], [   16], 

Found 1 possible alignments:

MKITVAVQLKLLAKKLSLDENRMEQ-G
| |||   | | || | ||| || | |
MLITVLQVLGLGAKQLDLDEERM-QQG

Alignment score: 16.0
Identity value: 59.3%

