[], [-], [M], [K], [I], [T], [V], [A], [V], [Q], [L], [K], [L], [L], [A], [K], [K], [L], [S], [L], [D], [E], [N], [R], [M], [E], [Q], [G], 
[-], [    0], [   -5], [  -10], [  -15], [  -20], [  -25], [  -30], [  -35], [  -40], [  -45], [  -50], [  -55], [  -60], [  -65], [  -70], [  -75], [  -80], [  -85], [  -90], [  -95], [ -100], [ -105], [ -110], [ -115], [ -120], [ -125], [ -130], 
[M], [   -5], [    5], [    0], [   -5], [  -10], [  -15], [  -20], [  -25], [  -30], [  -35], [  -40], [  -45], [  -50], [  -55], [  -60], [  -65], [  -70], [  -75], [  -80], [  -85], [  -90], [  -95], [ -100], [ -105], [ -110], [ -115], [ -120], 
[L], [  -10], [    0], [    3], [    2], [   -3], [   -8], [  -13], [  -18], [  -23], [  -26], [  -31], [  -36], [  -41], [  -46], [  -51], [  -56], [  -61], [  -66], [  -71], [  -76], [  -81], [  -86], [  -91], [  -96], [ -101], [ -106], [ -111], 
[I], [  -15], [   -5], [   -2], [    7], [    2], [    0], [   -5], [  -10], [  -15], [  -20], [  -25], [  -29], [  -34], [  -39], [  -44], [  -49], [  -54], [  -59], [  -64], [  -69], [  -74], [  -79], [  -84], [  -89], [  -94], [  -99], [ -104], 
[T], [  -20], [  -10], [   -6], [    2], [   12], [    7], [    2], [   -3], [   -8], [  -13], [  -18], [  -23], [  -28], [  -33], [  -38], [  -43], [  -48], [  -53], [  -58], [  -63], [  -68], [  -73], [  -78], [  -83], [  -88], [  -93], [  -98], 
[V], [  -25], [  -15], [  -11], [   -3], [    7], [   16], [   11], [    6], [    1], [   -4], [   -9], [  -14], [  -19], [  -24], [  -29], [  -34], [  -39], [  -44], [  -49], [  -54], [  -59], [  -64], [  -69], [  -74], [  -79], [  -84], [  -89], 
[L], [  -30], [  -20], [  -16], [   -8], [    2], [   11], [   15], [   12], [    7], [    5], [    0], [   -5], [  -10], [  -15], [  -20], [  -25], [  -30], [  -35], [  -40], [  -45], [  -50], [  -55], [  -60], [  -65], [  -70], [  -75], [  -80], 
[Q], [  -35], [  -25], [  -19], [  -13], [   -3], [    6], [   10], [   13], [   17], [   12], [    7], [    2], [   -3], [   -8], [  -13], [  -18], [  -23], [  -28], [  -33], [  -38], [  -43], [  -48], [  -53], [  -58], [  -63], [  -65], [  -70], 
[V], [  -40], [  -30], [  -24], [  -16], [   -8], [    1], [    6], [   14], [   12], [   18], [   13], [    8], [    3], [   -2], [   -7], [  -12], [  -17], [  -22], [  -27], [  -32], [  -37], [  -42], [  -47], [  -52], [  -57], [  -62], [  -67], 
[L], [  -45], [  -35], [  -29], [  -21], [  -13], [   -4], [    1], [    9], [   12], [   16], [   16], [   17], [   12], [    7], [    2], [   -3], [   -8], [  -13], [  -18], [  -23], [  -28], [  -33], [  -38], [  -43], [  -48], [  -53], [  -58], 
[G], [  -50], [  -40], [  -34], [  -26], [  -18], [   -9], [   -4], [    4], [    7], [   11], [   14], [   12], [   13], [   12], [    7], [    2], [   -3], [   -8], [  -13], [  -18], [  -23], [  -28], [  -33], [  -38], [  -43], [  -48], [  -47], 
[L], [  -55], [  -45], [  -39], [  -31], [  -23], [  -14], [   -9], [   -1], [    2], [   11], [    9], [   18], [   16], [   12], [   10], [    5], [    6], [    1], [   -4], [   -9], [  -14], [  -19], [  -24], [  -29], [  -34], [  -39], [  -44], 
[G], [  -60], [  -50], [  -44], [  -36], [  -28], [  -19], [  -14], [   -6], [   -3], [    6], [    9], [   13], [   14], [   16], [   11], [    8], [    3], [    6], [    1], [   -4], [   -9], [  -14], [  -19], [  -24], [  -29], [  -34], [  -33], 
[A], [  -65], [  -55], [  -49], [  -41], [  -33], [  -24], [  -15], [  -11], [   -7], [    1], [    5], [    8], [   12], [   18], [   15], [   10], [    7], [    4], [    5], [    0], [   -5], [  -10], [  -15], [  -20], [  -25], [  -30], [  -34], 
[K], [  -70], [  -60], [  -50], [  -46], [  -38], [  -29], [  -20], [  -16], [  -10], [   -4], [    6], [    3], [    7], [   13], [   23], [   20], [   15], [   10], [    5], [    4], [    1], [   -4], [   -8], [  -13], [  -18], [  -23], [  -28], 
[Q], [  -75], [  -65], [  -55], [  -51], [  -43], [  -34], [  -25], [  -21], [  -11], [   -9], [    1], [    4], [    2], [    8], [   18], [   24], [   19], [   15], [   10], [    5], [    6], [    1], [   -3], [   -8], [  -11], [  -13], [  -18], 
[L], [  -80], [  -70], [  -60], [  -53], [  -48], [  -39], [  -30], [  -24], [  -16], [   -7], [   -4], [    5], [    8], [    3], [   13], [   19], [   28], [   23], [   19], [   14], [    9], [    4], [   -1], [   -1], [   -6], [  -11], [  -16], 
[D], [  -85], [  -75], [  -65], [  -58], [  -53], [  -44], [  -35], [  -29], [  -21], [  -12], [   -8], [    0], [    3], [    6], [    8], [   14], [   23], [   28], [   23], [   25], [   20], [   15], [   10], [    5], [    1], [   -4], [   -9], 
[L], [  -90], [  -80], [  -70], [  -63], [  -58], [  -49], [  -40], [  -34], [  -26], [  -17], [  -13], [   -4], [    4], [    2], [    4], [    9], [   18], [   23], [   32], [   27], [   22], [   17], [   13], [   12], [    7], [    2], [   -3], 
[D], [  -95], [  -85], [  -75], [  -68], [  -63], [  -54], [  -45], [  -39], [  -31], [  -22], [  -18], [   -9], [   -1], [    2], [    1], [    4], [   13], [   18], [   27], [   38], [   33], [   28], [   23], [   18], [   14], [    9], [    4], 
[E], [ -100], [  -90], [  -80], [  -73], [  -68], [  -59], [  -50], [  -44], [  -36], [  -27], [  -21], [  -14], [   -6], [   -2], [    3], [    2], [    8], [   13], [   22], [   33], [   43], [   38], [   33], [   28], [   23], [   18], [   13], 
[E], [ -105], [  -95], [  -85], [  -78], [  -73], [  -64], [  -55], [  -49], [  -41], [  -32], [  -26], [  -19], [  -11], [   -7], [   -1], [    4], [    3], [    8], [   17], [   28], [   38], [   43], [   38], [   33], [   33], [   28], [   23], 
[R], [ -110], [ -100], [  -90], [  -83], [  -78], [  -69], [  -60], [  -54], [  -46], [  -37], [  -30], [  -24], [  -16], [  -12], [   -5], [    1], [    2], [    3], [   12], [   23], [   33], [   38], [   48], [   43], [   38], [   34], [   29], 
[M], [ -115], [ -105], [  -95], [  -88], [  -83], [  -74], [  -65], [  -59], [  -51], [  -42], [  -35], [  -28], [  -21], [  -17], [  -10], [   -4], [    3], [    1], [    7], [   18], [   28], [   33], [   43], [   53], [   48], [   43], [   38], 
[Q], [ -120], [ -110], [ -100], [  -93], [  -88], [  -79], [  -70], [  -64], [  -54], [  -47], [  -40], [  -33], [  -26], [  -22], [  -15], [   -9], [   -2], [    3], [    2], [   13], [   23], [   28], [   38], [   48], [   55], [   53], [   48], 
[Q], [ -125], [ -115], [ -105], [  -98], [  -93], [  -84], [  -75], [  -69], [  -59], [  -52], [  -45], [  -38], [  -31], [  -27], [  -20], [  -14], [   -7], [   -2], [    1], [    8], [   18], [   23], [   33], [   43], [   50], [   60], [   55], 
[G], [ -130], [ -120], [ -110], [ -103], [  -98], [  -89], [  -80], [  -74], [  -64], [  -57], [  -50], [  -43], [  -36], [  -31], [  -25], [  -19], [  -12], [   -7], [   -4], [    3], [   13], [   18], [   28], [   38], [   45], [   55], [   66], 

Found 1 possible alignments:

MKITVAVQ-LKLLAKKLSLDENRMEQG
| |||  | | | || | ||| || ||
MLITV-LQVLGLGAKQLDLDEERMQQG

Alignment score: 66.0
Identity value: 63.0%

