   0  -1  -2  -3  -4  -5  -6  -7  -8  -9 -10 -11 -12 -13 -14 -15 -16 -17 -18 -19 -20 -21 -22 -23 -24 -25 -26
  -1   6   5   4   3   2   1   0  -1  -2  -3  -4  -5  -6  -7  -8  -9 -10 -11 -12 -13 -14 -15 -16 -17 -18 -19
  -2   5   4   7   6   5   4   3   2   5   4   3   2   1   0  -1  -2  -3  -4  -5  -6  -7  -8  -9 -10 -11 -12
  -3   4   3   9   8  10   9   8   7   6   5   6   5   4   3   2   1   0  -1  -2  -3  -4  -5  -6  -7  -8  -9
  -4   3   4   8  12  11  11  10   9   8   7   6   5   6   5   4   3   2   1   0  -1  -2  -3  -4  -5  -6  -7
  -5   2   3   8  11  16  15  15  14  13  12  11  10   9   8   7   6   5   4   3   2   1   0  -1  -2  -3  -4
  -6   1   2   7  10  15  14  17  16  20  19  18  17  16  15  14  13  12  11  10   9   8   7   6   5   4   3
  -7   0   2   6   9  14  15  16  21  20  21  20  19  18  17  16  15  14  13  13  12  11  10   9   8   9   8
  -8  -1   1   6   8  13  14  19  20  23  22  23  22  21  20  19  18  17  16  15  14  13  12  12  11  10   9
  -9  -2   0   5   7  12  13  18  19  26  25  28  29  28  27  26  25  24  23  22  21  20  19  18  17  16  15
 -10  -3  -1   4   6  11  13  17  18  25  24  27  28  30  29  28  27  26  25  24  23  22  21  20  19  18  21
 -11  -4  -2   3   5  10  12  16  17  24  23  30  33  32  31  30  34  33  32  31  30  29  28  27  26  25  24
 -12  -5  -3   2   4   9  11  15  16  23  22  29  32  34  33  32  33  35  34  33  32  31  30  29  28  27  30
 -13  -6  -4   1   3   8  11  14  15  22  22  28  31  34  33  32  32  34  33  34  33  32  31  30  29  28  29
 -14  -7  -1   0   2   7  10  13  15  21  27  27  30  33  39  38  37  36  35  34  34  34  35  34  33  32  31
 -15  -8  -2  -1   1   6   9  12  17  20  26  26  29  32  38  40  39  38  37  37  36  35  35  34  36  37  36
 -16  -9  -3   0   0   5   8  11  16  23  25  32  32  31  37  39  46  45  44  43  42  41  40  39  38  37  36
 -17 -10  -4  -1   0   4   7  10  15  22  24  31  31  32  36  38  45  46  45  48  47  46  45  44  43  42  41
 -18 -11  -5  -2  -1   3   6   9  14  21  23  30  37  36  35  37  44  45  52  51  50  49  48  49  48  47  46
 -19 -12  -6  -3  -2   2   5   8  13  20  22  29  36  37  36  36  43  44  51  56  55  54  53  52  52  51  50
 -20 -13  -7  -4  -3   1   4   7  12  19  21  28  35  36  37  36  42  43  50  55  60  59  58  57  56  55  54
 -21 -14  -8  -5  -4   0   3   6  11  18  20  27  34  35  36  37  41  42  49  54  59  61  60  59  61  60  59
 -22 -15  -9  -6  -5  -1   2   5  10  17  21  26  33  34  38  39  40  41  48  53  58  60  67  66  65  64  63
 -23 -16 -10  -7  -6  -2   1   4   9  16  20  25  32  33  37  38  43  42  47  52  57  59  66  73  72  71  70
 -24 -17 -11  -8  -7  -3   0   3   8  15  19  24  31  32  36  38  42  42  46  51  56  58  65  72  75  76  75
 -25 -18 -12  -9  -8  -4  -1   2   7  14  18  23  30  31  35  37  41  41  45  50  55  57  64  71  74  79  78
 -26 -19 -13 -10  -9  -5  -2   1   6  13  17  22  29  31  34  36  40  42  44  49  54  56  63  70  73  78  84

Found 1 possible alignments:

MK-ITVAVQLKL-L-AKKLSLDENRMEQG
|  |||  |  | | || | ||| || ||
M-LITV-LQV-LGLGAKQLDLDEERMQQG

Alignment score: 84.0
Identity value: 58.6%

