[], [-], [A], [G], [T], [C], [T], [A], [G], [C], [T], [A], 
[-], [    0], [   -1], [   -2], [   -3], [   -4], [   -5], [   -6], [   -7], [   -8], [   -9], [  -10], 
[A], [   -1], [    1], [    0], [   -1], [   -2], [   -3], [   -4], [   -5], [   -6], [   -7], [   -8], 
[G], [   -2], [    0], [    2], [    1], [    0], [   -1], [   -2], [   -3], [   -4], [   -5], [   -6], 
[T], [   -3], [   -1], [    1], [    3], [    2], [    1], [    0], [   -1], [   -2], [   -3], [   -4], 
[C], [   -4], [   -2], [    0], [    2], [    4], [    3], [    2], [    1], [    0], [   -1], [   -2], 
[C], [   -5], [   -3], [   -1], [    1], [    3], [    3], [    2], [    1], [    2], [    1], [    0], 
[A], [   -6], [   -4], [   -2], [    0], [    2], [    2], [    4], [    3], [    2], [    1], [    2], 
[G], [   -7], [   -5], [   -3], [   -1], [    1], [    1], [    3], [    5], [    4], [    3], [    2], 
[T], [   -8], [   -6], [   -4], [   -2], [    0], [    2], [    2], [    4], [    4], [    5], [    4], 
[T], [   -9], [   -7], [   -5], [   -3], [   -1], [    1], [    1], [    3], [    3], [    5], [    4], 

Found 1 possible alignments:

AGTCTAGCTA
|||| || | 
AGTCCAG-TT

Alignment score: 4.0
Identity value: 70.0%

