[], [-], [A], [G], [T], [C], [T], [A], [G], [C], [T], [A], 
[-], [    0], [   -1], [   -2], [   -3], [   -4], [   -5], [   -6], [   -7], [   -8], [   -9], [  -10], 
[A], [   -1], [    1], [    0], [   -1], [   -2], [   -3], [   -4], [   -5], [   -6], [   -7], [   -8], 
[G], [   -2], [    0], [    2], [    1], [    0], [   -1], [   -2], [   -3], [   -4], [   -5], [   -6], 
[G], [   -3], [   -1], [    1], [    1], [    0], [   -1], [   -2], [   -1], [   -2], [   -3], [   -4], 
[G], [   -4], [   -2], [    0], [    0], [    0], [   -1], [   -2], [   -1], [   -2], [   -3], [   -4], 
[A], [   -5], [   -3], [   -1], [   -1], [   -1], [   -1], [    0], [   -1], [   -2], [   -3], [   -2], 
[A], [   -6], [   -4], [   -2], [   -2], [   -2], [   -2], [    0], [   -1], [   -2], [   -3], [   -2], 
[A], [   -7], [   -5], [   -3], [   -3], [   -3], [   -3], [   -1], [   -1], [   -2], [   -3], [   -2], 
[T], [   -8], [   -6], [   -4], [   -2], [   -3], [   -2], [   -2], [   -2], [   -2], [   -1], [   -2], 
[T], [   -9], [   -7], [   -5], [   -3], [   -3], [   -2], [   -3], [   -3], [   -3], [   -1], [   -2], 
[A], [  -10], [   -8], [   -6], [   -4], [   -4], [   -3], [   -1], [   -2], [   -3], [   -2], [    0], 
[C], [  -11], [   -9], [   -7], [   -5], [   -3], [   -4], [   -2], [   -2], [   -1], [   -3], [   -1], 

Found 1 possible alignments:

AGTCTAGCTA-
||   |  || 
AGGGAAATTAC

Alignment score: -1.0
Identity value: 45.5%

