[], [-], [A], [G], [T], [C], [T], [A], [G], [C], [T], [A], 
[-], [    0], [   -1], [   -2], [   -3], [   -4], [   -5], [   -6], [   -7], [   -8], [   -9], [  -10], 
[A], [   -1], [    1], [    0], [   -1], [   -2], [   -3], [   -4], [   -5], [   -6], [   -7], [   -8], 
[T], [   -2], [    0], [    0], [    1], [    0], [   -1], [   -2], [   -3], [   -4], [   -5], [   -6], 
[C], [   -3], [   -1], [   -1], [    0], [    2], [    1], [    0], [   -1], [   -2], [   -3], [   -4], 
[T], [   -4], [   -2], [   -2], [    0], [    1], [    3], [    2], [    1], [    0], [   -1], [   -2], 
[A], [   -5], [   -3], [   -3], [   -1], [    0], [    2], [    4], [    3], [    2], [    1], [    0], 
[G], [   -6], [   -4], [   -2], [   -2], [   -1], [    1], [    3], [    5], [    4], [    3], [    2], 
[C], [   -7], [   -5], [   -3], [   -3], [   -1], [    0], [    2], [    4], [    6], [    5], [    4], 
[T], [   -8], [   -6], [   -4], [   -2], [   -2], [    0], [    1], [    3], [    5], [    7], [    6], 
[A], [   -9], [   -7], [   -5], [   -3], [   -3], [   -1], [    1], [    2], [    4], [    6], [    8], 

Found 1 possible alignments:

AGTCTAGCTA
| ||||||||
A-TCTAGCTA

Alignment score: 8.0
Identity value: 90.0%

