[], [-], [A], [G], [T], [C], [C], [A], [G], [T], [T], 
[-], [    0], [   -1], [   -2], [   -3], [   -4], [   -5], [   -6], [   -7], [   -8], [   -9], 
[A], [   -1], [    1], [    0], [   -1], [   -2], [   -3], [   -4], [   -5], [   -6], [   -7], 
[G], [   -2], [    0], [    2], [    1], [    0], [   -1], [   -2], [   -3], [   -4], [   -5], 
[T], [   -3], [   -1], [    1], [    3], [    2], [    1], [    0], [   -1], [   -2], [   -3], 
[C], [   -4], [   -2], [    0], [    2], [    4], [    3], [    2], [    1], [    0], [   -1], 
[G], [   -5], [   -3], [   -1], [    1], [    3], [    3], [    2], [    3], [    2], [    1], 
[T], [   -6], [   -4], [   -2], [    0], [    2], [    2], [    2], [    2], [    4], [    3], 
[T], [   -7], [   -5], [   -3], [   -1], [    1], [    1], [    1], [    1], [    3], [    5], 
[G], [   -8], [   -6], [   -4], [   -2], [    0], [    0], [    0], [    2], [    2], [    4], 

Found 1 possible alignments:

AGTCCAGTT-
||||  ||| 
AGTC--GTTG

Alignment score: 4.0
Identity value: 70.0%

