[], [-], [A], [G], [T], [C], [C], [A], [G], [T], [T], 
[-], [    0], [   -1], [   -2], [   -3], [   -4], [   -5], [   -6], [   -7], [   -8], [   -9], 
[A], [   -1], [    1], [    0], [   -1], [   -2], [   -3], [   -4], [   -5], [   -6], [   -7], 
[G], [   -2], [    0], [    2], [    1], [    0], [   -1], [   -2], [   -3], [   -4], [   -5], 
[G], [   -3], [   -1], [    1], [    1], [    0], [   -1], [   -2], [   -1], [   -2], [   -3], 
[G], [   -4], [   -2], [    0], [    0], [    0], [   -1], [   -2], [   -1], [   -2], [   -3], 
[A], [   -5], [   -3], [   -1], [   -1], [   -1], [   -1], [    0], [   -1], [   -2], [   -3], 
[A], [   -6], [   -4], [   -2], [   -2], [   -2], [   -2], [    0], [   -1], [   -2], [   -3], 
[A], [   -7], [   -5], [   -3], [   -3], [   -3], [   -3], [   -1], [   -1], [   -2], [   -3], 
[T], [   -8], [   -6], [   -4], [   -2], [   -3], [   -4], [   -2], [   -2], [    0], [   -1], 
[T], [   -9], [   -7], [   -5], [   -3], [   -3], [   -4], [   -3], [   -3], [   -1], [    1], 
[A], [  -10], [   -8], [   -6], [   -4], [   -4], [   -4], [   -3], [   -4], [   -2], [    0], 
[C], [  -11], [   -9], [   -7], [   -5], [   -3], [   -3], [   -4], [   -4], [   -3], [   -1], 

Found 1 possible alignments:

AGTCCAGTT--
||   | ||  
AGGGAAATTAC

Alignment score: -1.0
Identity value: 45.5%

