[], [-], [A], [G], [T], [C], [C], [A], [G], [T], [T], 
[-], [    0], [   -1], [   -2], [   -3], [   -4], [   -5], [   -6], [   -7], [   -8], [   -9], 
[A], [   -1], [    1], [    0], [   -1], [   -2], [   -3], [   -4], [   -5], [   -6], [   -7], 
[T], [   -2], [    0], [    0], [    1], [    0], [   -1], [   -2], [   -3], [   -4], [   -5], 
[C], [   -3], [   -1], [   -1], [    0], [    2], [    1], [    0], [   -1], [   -2], [   -3], 
[T], [   -4], [   -2], [   -2], [    0], [    1], [    1], [    0], [   -1], [    0], [   -1], 
[A], [   -5], [   -3], [   -3], [   -1], [    0], [    0], [    2], [    1], [    0], [   -1], 
[G], [   -6], [   -4], [   -2], [   -2], [   -1], [   -1], [    1], [    3], [    2], [    1], 
[C], [   -7], [   -5], [   -3], [   -3], [   -1], [    0], [    0], [    2], [    2], [    1], 
[T], [   -8], [   -6], [   -4], [   -2], [   -2], [   -1], [   -1], [    1], [    3], [    3], 
[A], [   -9], [   -7], [   -5], [   -3], [   -3], [   -2], [    0], [    0], [    2], [    2], 

Found 2 possible alignments:

AGTCCAG-TT
| || || | 
A-TCTAGCTA

Alignment score: 2.0
Identity value: 60.0%

--------------------

AGTCCAGTT-
| || || | 
A-TCTAGCTA

Alignment score: 2.0
Identity value: 60.0%

