[], [-], [A], [T], [C], [T], [A], [G], [C], [T], [A], 
[-], [    0], [   -1], [   -2], [   -3], [   -4], [   -5], [   -6], [   -7], [   -8], [   -9], 
[A], [   -1], [    1], [    0], [   -1], [   -2], [   -3], [   -4], [   -5], [   -6], [   -7], 
[G], [   -2], [    0], [    0], [   -1], [   -2], [   -3], [   -2], [   -3], [   -4], [   -5], 
[G], [   -3], [   -1], [   -1], [   -1], [   -2], [   -3], [   -2], [   -3], [   -4], [   -5], 
[G], [   -4], [   -2], [   -2], [   -2], [   -2], [   -3], [   -2], [   -3], [   -4], [   -5], 
[A], [   -5], [   -3], [   -3], [   -3], [   -3], [   -1], [   -2], [   -3], [   -4], [   -3], 
[A], [   -6], [   -4], [   -4], [   -4], [   -4], [   -2], [   -2], [   -3], [   -4], [   -3], 
[A], [   -7], [   -5], [   -5], [   -5], [   -5], [   -3], [   -3], [   -3], [   -4], [   -3], 
[T], [   -8], [   -6], [   -4], [   -5], [   -4], [   -4], [   -4], [   -4], [   -2], [   -3], 
[T], [   -9], [   -7], [   -5], [   -5], [   -4], [   -5], [   -5], [   -5], [   -3], [   -3], 
[A], [  -10], [   -8], [   -6], [   -6], [   -5], [   -3], [   -4], [   -5], [   -4], [   -2], 
[C], [  -11], [   -9], [   -7], [   -5], [   -6], [   -4], [   -4], [   -3], [   -5], [   -3], 

Found 1 possible alignments:

ATCTAGCT-A-
|   |  | | 
AGGGAAATTAC

Alignment score: -3.0
Identity value: 36.4%

