[], [-], [A], [T], [C], [T], [A], [G], [C], [T], [A], 
[-], [    0], [   -1], [   -2], [   -3], [   -4], [   -5], [   -6], [   -7], [   -8], [   -9], 
[A], [   -1], [    1], [    0], [   -1], [   -2], [   -3], [   -4], [   -5], [   -6], [   -7], 
[G], [   -2], [    0], [    0], [   -1], [   -2], [   -3], [   -2], [   -3], [   -4], [   -5], 
[T], [   -3], [   -1], [    1], [    0], [    0], [   -1], [   -2], [   -3], [   -2], [   -3], 
[C], [   -4], [   -2], [    0], [    2], [    1], [    0], [   -1], [   -1], [   -2], [   -3], 
[G], [   -5], [   -3], [   -1], [    1], [    1], [    0], [    1], [    0], [   -1], [   -2], 
[T], [   -6], [   -4], [   -2], [    0], [    2], [    1], [    0], [    0], [    1], [    0], 
[T], [   -7], [   -5], [   -3], [   -1], [    1], [    1], [    0], [   -1], [    1], [    0], 
[G], [   -8], [   -6], [   -4], [   -2], [    0], [    0], [    2], [   -1], [    0], [    0], 

Found 1 possible alignments:

A-TCTAGCTA
| ||  | | 
AGTC--GTTG

Alignment score: 0.0
Identity value: 50.0%

