   A   R   N   D   C   Q   E   G   H   I   L   K   M   F   P   S   T   W   Y   V   B   Z   X   *
A   2 -10 -10 -10 -10 -10 -10 -10 -10 -10 -10 -10 -10 -10 -10 -10 -10 -10 -10 -10 -10 -10 -10  -1 
R -10   2 -10 -10 -10 -10 -10 -10 -10 -10 -10 -10 -10 -10 -10 -10 -10 -10 -10 -10 -10 -10 -10  -1 
N -10 -10   2 -10 -10 -10 -10 -10 -10 -10 -10 -10 -10 -10 -10 -10 -10 -10 -10 -10 -10 -10 -10  -1 
D -10 -10 -10   2 -10 -10 -10 -10 -10 -10 -10 -10 -10 -10 -10 -10 -10 -10 -10 -10 -10 -10 -10  -1 
C -10 -10 -10 -10   2 -10 -10 -10 -10 -10 -10 -10 -10 -10 -10 -10 -10 -10 -10 -10 -10 -10 -10  -1 
Q -10 -10 -10 -10 -10   2 -10 -10 -10 -10 -10 -10 -10 -10 -10 -10 -10 -10 -10 -10 -10 -10 -10  -1 
E -10 -10 -10 -10 -10 -10   2 -10 -10 -10 -10 -10 -10 -10 -10 -10 -10 -10 -10 -10 -10 -10 -10  -1 
G -10 -10 -10 -10 -10 -10 -10   2 -10 -10 -10 -10 -10 -10 -10 -10 -10 -10 -10 -10 -10 -10 -10  -1 
H -10 -10 -10 -10 -10 -10 -10 -10   2 -10 -10 -10 -10 -10 -10 -10 -10 -10 -10 -10 -10 -10 -10  -1 
I -10 -10 -10 -10 -10 -10 -10 -10 -10   2 -10 -10 -10 -10 -10 -10 -10 -10 -10 -10 -10 -10 -10  -1 
L -10 -10 -10 -10 -10 -10 -10 -10 -10 -10   2 -10 -10 -10 -10 -10 -10 -10 -10 -10 -10 -10 -10  -1 
K -10 -10 -10 -10 -10 -10 -10 -10 -10 -10 -10   2 -10 -10 -10 -10 -10 -10 -10 -10 -10 -10 -10  -1 
M -10 -10 -10 -10 -10 -10 -10 -10 -10 -10 -10 -10   2 -10 -10 -10 -10 -10 -10 -10 -10 -10 -10  -1 
F -10 -10 -10 -10 -10 -10 -10 -10 -10 -10 -10 -10 -10   2 -10 -10 -10 -10 -10 -10 -10 -10 -10  -1 
P -10 -10 -10 -10 -10 -10 -10 -10 -10 -10 -10 -10 -10 -10   2 -10 -10 -10 -10 -10 -10 -10 -10  -1 
S -10 -10 -10 -10 -10 -10 -10 -10 -10 -10 -10 -10 -10 -10 -10   2 -10 -10 -10 -10 -10 -10 -10  -1 
T -10 -10 -10 -10 -10 -10 -10 -10 -10 -10 -10 -10 -10 -10 -10 -10   2 -10 -10 -10 -10 -10 -10  -1 
W -10 -10 -10 -10 -10 -10 -10 -10 -10 -10 -10 -10 -10 -10 -10 -10 -10   2 -10 -10 -10 -10 -10  -1 
Y -10 -10 -10 -10 -10 -10 -10 -10 -10 -10 -10 -10 -10 -10 -10 -10 -10 -10   2 -10 -10 -10 -10  -1 
V -10 -10 -10 -10 -10 -10 -10 -10 -10 -10 -10 -10 -10 -10 -10 -10 -10 -10 -10   2 -10 -10 -10  -1 
B -10 -10 -10 -10 -10 -10 -10 -10 -10 -10 -10 -10 -10 -10 -10 -10 -10 -10 -10 -10   2 -10 -10  -1 
Z -10 -10 -10 -10 -10 -10 -10 -10 -10 -10 -10 -10 -10 -10 -10 -10 -10 -10 -10 -10 -10   2 -10  -1 
X -10 -10 -10 -10 -10 -10 -10 -10 -10 -10 -10 -10 -10 -10 -10 -10 -10 -10 -10 -10 -10 -10   2  -1 
*  -1  -1  -1  -1  -1  -1  -1  -1  -1  -1  -1  -1  -1  -1  -1  -1  -1  -1  -1  -1  -1  -1  -1   2 
